0 511
1 0
2 0
3 0
4 0
5 0
6 0
7 0
8 0
9 0
10 0
11 0
12 0
13 0
14 0
15 0
16 0
17 0
18 0
19 0
20 0
21 0
22 7
23 0
24 0
25 0
26 14
27 13
28 15
29 14
30 17
31 29
32 18
33 19
34 39
35 43
36 49
37 39
38 58
39 43
40 54
41 54
42 71
43 66
44 76
45 73
46 74
47 79
48 92
49 98
50 103
51 110
52 110
53 111
54 122
55 129
56 127
57 135
58 146
59 141
60 160
61 170
62 155
63 170
64 173
65 183
66 181
67 191
68 197
69 207
70 205
71 214
72 215
73 223
74 232
75 239
76 250
77 266
78 269
79 271
80 270
81 277
82 293
83 287
84 310
85 317
86 325
87 319
88 333
89 335
90 349
91 363
92 374
93 382
94 383
95 406
96 413
97 426
98 429
99 431
100 442
101 442
102 447
103 462
104 471
105 477
106 479
107 503
108 507
109 525
110 533
111 534
112 559
113 543
114 559
115 574
116 581
117 590
118 605
119 607
120 629
121 631
122 639
123 655
124 662
125 671
126 680
127 682
128 702
129 703
130 717
131 725
132 733
133 749
134 750
135 758
136 767
137 781
138 808
139 811
140 814
141 823
142 842
143 843
144 858
145 863
146 879
147 895
148 909
149 918
150 923
151 927
152 941
153 959
154 959
155 981
156 991
157 991
158 1007
159 1034
160 1023
161 1046
162 1069
163 1071
164 1087
165 1109
166 1119
167 1119
168 1135
169 1146
170 1173
171 1192
172 1194
173 1210
174 1238
175 1215
176 1242
177 1247
178 1263
179 1285
180 1279
181 1307
182 1311
183 1327
184 1335
185 1349
186 1367
187 1375
188 1391
189 1399
190 1407
191 1435
192 1450
193 1450
194 1455
195 1471
196 1494
197 1503
198 1519
199 1533
200 1535
201 1535
202 1563
203 1567
204 1591
205 1605
206 1621
207 1626
208 1631
209 1647
210 1663
211 1663
212 1677
213 1679
214 1706
215 1707
216 1727
217 1749
218 1749
219 1759
220 1759
221 1786
222 1789
223 1791
224 1819
225 1835
226 1835
227 1850
228 1855
229 1877
230 1879
231 1887
232 1903
233 1903
234 1915
235 1942
236 1949
237 1962
238 1951
239 1967
240 1975
241 1983
242 1983
243 1983
244 2014
245 2015
246 2042
247 2042
248 2047
249 2069
250 2047
251 2079
252 2079
253 2079
254 2095
255 2109
256 2111
257 2111
258 2141
259 2141
260 2143
261 2191
262 2143
263 2170
264 2175
265 2175
266 2197
267 2205
268 2197
269 2205
270 2207
271 2222
272 2223
273 2234
274 2239
275 2239
276 2239
277 2262
278 2239
279 2270
280 2271
281 2271
282 2271
283 2271
284 2271
285 2302
286 2298
287 2302
288 2303
289 2303
290 2303
291 2334
292 2325
293 2330
294 2335
295 2335
296 2325
297 2335
298 2347
299 2349
300 2351
301 2349
302 2359
303 2351
304 2365
305 2351
306 2358
307 2367
308 2351
309 2367
310 2367
311 2379
312 2367
313 2363
314 2351
315 2365
316 2363
317 2367
318 2379
319 2379
320 2378
321 2367
322 2367
323 2378
324 2378
325 2363
326 2351
327 2351
328 2351
329 2378
330 2365
331 2362
332 2351
333 2351
334 2346
335 2351
336 2358
337 2335
338 2335
339 2335
340 2335
341 2333
342 2333
343 2333
344 2333
345 2325
346 2303
347 2325
348 2303
349 2303
350 2303
351 2303
352 2287
353 2298
354 2271
355 2271
356 2271
357 2271
358 2263
359 2269
360 2271
361 2239
362 2239
363 2263
364 2266
365 2239
366 2231
367 2239
368 2223
369 2223
370 2219
371 2219
372 2219
373 2206
374 2202
375 2197
376 2175
377 2190
378 2175
379 2173
380 2159
381 2143
382 2143
383 2143
384 2139
385 2134
386 2133
387 2111
388 2111
389 2122
390 2095
391 2094
392 2079
393 2077
394 2071
395 2079
396 2074
397 2047
398 2047
399 2031
400 2015
401 2015
402 2015
403 2015
404 1983
405 1983
406 1981
407 1967
408 1967
409 1963
410 1949
411 1949
412 1919
413 1919
414 1903
415 1902
416 1903
417 1887
418 1871
419 1878
420 1877
421 1866
422 1861
423 1855
424 1850
425 1823
426 1823
427 1823
428 1791
429 1789
430 1783
431 1775
432 1759
433 1755
434 1727
435 1750
436 1726
437 1718
438 1711
439 1706
440 1687
441 1686
442 1663
443 1677
444 1647
445 1647
446 1631
447 1629
448 1621
449 1613
450 1599
451 1594
452 1578
453 1567
454 1567
455 1563
456 1535
457 1519
458 1519
459 1503
460 1503
461 1498
462 1471
463 1471
464 1469
465 1451
466 1435
467 1423
468 1407
469 1407
470 1391
471 1375
472 1375
473 1373
474 1358
475 1335
476 1327
477 1326
478 1311
479 1301
480 1290
481 1290
482 1262
483 1247
484 1259
485 1229
486 1215
487 1207
488 1197
489 1194
490 1175
491 1174
492 1173
493 1151
494 1147
495 1135
496 1119
497 1110
498 1098
499 1071
500 1071
501 1055
502 1067
503 1051
504 1037
505 1034
506 1019
507 1007
508 983
509 975
510 981
511 959
512 957
513 951
514 941
515 933
516 911
517 910
518 895
519 894
520 887
521 861
522 847
523 854
524 842
525 842
526 813
527 798
528 794
529 789
530 779
531 765
532 751
533 751
534 747
535 719
536 719
537 701
538 703
539 682
540 677
541 667
542 655
543 648
544 635
545 630
546 623
547 607
548 618
549 575
550 587
551 571
552 570
553 559
554 543
555 535
556 525
557 522
558 507
559 507
560 495
561 494
562 478
563 469
564 447
565 453
566 443
567 430
568 426
569 415
570 415
571 411
572 389
573 382
574 383
575 378
576 346
577 362
578 350
579 341
580 333
581 331
582 321
583 309
584 309
585 301
586 298
587 292
588 282
589 266
590 269
591 261
592 261
593 245
594 232
595 228
596 219
597 229
598 219
599 207
600 191
601 191
602 193
603 187
604 157
605 175
606 167
607 155
608 149
609 141
610 139
611 138
612 119
613 121
614 111
615 121
616 104
617 109
618 104
619 99
620 95
621 93
622 84
623 85
624 79
625 85
626 69
627 59
628 65
629 67
630 60
631 57
632 42
633 34
634 35
635 43
636 29
637 30
638 10
639 23
640 24
641 7
642 11
643 18
644 12
645 0
646 7
647 11
648 0
649 4
650 0
651 0
652 0
653 0
654 0
655 0
656 0
657 0
658 0
659 0
660 0
661 0
662 0
663 0
664 0
665 0
666 0
667 0
668 0
669 0
670 0
671 0
672 0
673 0
674 0
675 0
676 0
677 0
678 0
679 0
680 0
681 0
682 0
683 0
684 0
685 0
686 7
687 0
688 0
689 0
690 0
691 18
692 0
693 7
694 0
695 0
696 4
697 12
698 6
699 15
700 0
701 23
702 28
703 24
704 18
705 32
706 28
707 46
708 42
709 43
710 49
711 56
712 47
713 52
714 59
715 62
716 78
717 71
718 79
719 79
720 87
721 93
722 101
723 98
724 111
725 99
726 116
727 128
728 125
729 123
730 131
731 146
732 140
733 143
734 149
735 163
736 170
737 170
738 171
739 180
740 187
741 189
742 205
743 198
744 215
745 229
746 229
747 229
748 235
749 261
750 251
751 251
752 261
753 290
754 277
755 286
756 293
757 297
758 317
759 321
760 318
761 335
762 342
763 351
764 362
765 357
766 363
767 366
768 381
769 405
770 398
771 406
772 426
773 429
774 431
775 445
776 447
777 458
778 461
779 479
780 475
781 491
782 517
783 507
784 519
785 527
786 542
787 535
788 555
789 571
790 574
791 586
792 581
793 582
794 607
795 621
796 623
797 630
798 661
799 661
800 666
801 682
802 677
803 687
804 695
805 714
806 715
807 735
808 727
809 751
810 763
811 767
812 767
813 783
814 810
815 808
816 815
817 823
818 843
819 847
820 863
821 879
822 886
823 891
824 895
825 911
826 923
827 933
828 938
829 943
830 958
831 981
832 987
833 987
834 991
835 1015
836 1023
837 1023
838 1039
839 1069
840 1070
841 1071
842 1098
843 1087
844 1119
845 1118
846 1135
847 1163
848 1147
849 1167
850 1173
851 1194
852 1195
853 1199
854 1215
855 1229
856 1242
857 1239
858 1247
859 1274
860 1269
861 1291
862 1303
863 1302
864 1311
865 1323
866 1327
867 1343
868 1354
869 1365
870 1375
871 1375
872 1407
873 1405
874 1423
875 1429
876 1450
877 1455
878 1455
879 1471
880 1471
881 1495
882 1499
883 1503
884 1530
885 1535
886 1535
887 1535
888 1557
889 1567
890 1583
891 1599
892 1611
893 1599
894 1631
895 1631
896 1631
897 1659
898 1663
899 1674
900 1691
901 1706
902 1695
903 1711
904 1710
905 1727
906 1727
907 1749
908 1749
909 1759
910 1759
911 1759
912 1790
913 1791
914 1791
915 1818
916 1821
917 1834
918 1837
919 1855
920 1855
921 1866
922 1879
923 1879
924 1887
925 1887
926 1903
927 1919
928 1919
929 1919
930 1950
931 1887
932 1967
933 1967
934 1967
935 1983
936 1975
937 1983
938 1983
939 1983
940 2015
941 2015
942 2031
943 2042
944 2047
945 2047
946 2047
947 2074
948 2071
949 2079
950 2095
951 2079
952 2095
953 2095
954 2111
955 2111
956 2141
957 2135
958 2143
959 2143
960 2159
961 2159
962 2143
963 2159
964 2175
965 2175
966 2175
967 2199
968 2202
969 2205
970 2219
971 2219
972 2223
973 2223
974 2237
975 2223
976 2239
977 2239
978 2239
979 2239
980 2263
981 2271
982 2267
983 2271
984 2271
985 2271
986 2271
987 2271
988 2271
989 2271
990 2271
991 2287
992 2318
993 2314
994 2325
995 2325
996 2319
997 2333
998 2334
999 2335
1000 2335
1001 2335
1002 2333
1003 2347
1004 2319
1005 2351
1006 2335
1007 2335
1008 2349
1009 2349
1010 2381
1011 2350
1012 2362
1013 2351
1014 2351
1015 2351
1016 2351
1017 2367
1018 2378
1019 2351
1020 2367
1021 2367
1022 2381
1023 2351
1024 2458
1025 2378
1026 2373
1027 2351
1028 2367
1029 2379
1030 2379
1031 2375
1032 2367
1033 2367
1034 2367
1035 2351
1036 2351
1037 2351
1038 2367
1039 2350
1040 2367
1041 2379
1042 2351
1043 2367
1044 2365
1045 2367
1046 2351
1047 2351
1048 2351
1049 2335
1050 2362
1051 2351
1052 2347
1053 2335
1054 2335
1055 2346
1056 2331
1057 2319
1058 2335
1059 2335
1060 2327
1061 2319
1062 2333
1063 2325
1064 2325
1065 2319
1066 2315
1067 2317
1068 2303
1069 2287
1070 2271
1071 2302
1072 2271
1073 2299
1074 2271
1075 2271
1076 2271
1077 2270
1078 2263
1079 2263
1080 2267
1081 2239
1082 2239
1083 2239
1084 2239
1085 2223
1086 2223
1087 2234
1088 2221
1089 2221
1090 2223
1091 2207
1092 2198
1093 2187
1094 2199
1095 2175
1096 2174
1097 2175
1098 2159
1099 2143
1100 2143
1101 2143
1102 2133
1103 2127
1104 2133
1105 2133
1106 2111
1107 2095
1108 2079
1109 2079
1110 2079
1111 2079
1112 2071
1113 2070
1114 2047
1115 2047
1116 2031
1117 2015
1118 2015
1119 2015
1120 2013
1121 1999
1122 1983
1123 1983
1124 1981
1125 1967
1126 1967
1127 1967
1128 1951
1129 1950
1130 1943
1131 1943
1132 1919
1133 1887
1134 1887
1135 1887
1136 1887
1137 1882
1138 1879
1139 1871
1140 1867
1141 1855
1142 1850
1143 1819
1144 1775
1145 1821
1146 1791
1147 1787
1148 1791
1149 1759
1150 1759
1151 1759
1152 1751
1153 1741
1154 1727
1155 1726
1156 1722
1157 1707
1158 1691
1159 1695
1160 1674
1161 1663
1162 1647
1163 1647
1164 1631
1165 1631
1166 1623
1167 1611
1168 1611
1169 1591
1170 1578
1171 1559
1172 1565
1173 1557
1174 1519
1175 1503
1176 1519
1177 1503
1178 1503
1179 1503
1180 1470
1181 1467
1182 1450
1183 1450
1184 1439
1185 1429
1186 1429
1187 1405
1188 1391
1189 1375
1190 1359
1191 1367
1192 1354
1193 1339
1194 1327
1195 1327
1196 1311
1197 1301
1198 1295
1199 1275
1200 1263
1201 1262
1202 1246
1203 1245
1204 1215
1205 1215
1206 1199
1207 1194
1208 1173
1209 1174
1210 1163
1211 1151
1212 1151
1213 1143
1214 1133
1215 1118
1216 1087
1217 1098
1218 1079
1219 1079
1220 1082
1221 1053
1222 1047
1223 1039
1224 1007
1225 1005
1226 1003
1227 991
1228 983
1229 959
1230 955
1231 943
1232 938
1233 927
1234 933
1235 907
1236 895
1237 890
1238 879
1239 859
1240 853
1241 847
1242 837
1243 821
1244 815
1245 810
1246 799
1247 781
1248 767
1249 767
1250 757
1251 747
1252 730
1253 730
1254 714
1255 703
1256 687
1257 693
1258 683
1259 669
1260 651
1261 653
1262 635
1263 634
1264 619
1265 618
1266 606
1267 597
1268 581
1269 575
1270 557
1271 554
1272 554
1273 538
1274 535
1275 517
1276 525
1277 506
1278 502
1279 493
1280 479
1281 477
1282 469
1283 447
1284 447
1285 442
1286 426
1287 426
1288 413
1289 413
1290 394
1291 394
1292 383
1293 383
1294 367
1295 351
1296 343
1297 343
1298 341
1299 319
1300 314
1301 311
1302 317
1303 317
1304 286
1305 286
1306 274
1307 267
1308 258
1309 250
1310 258
1311 237
1312 237
1313 234
1314 215
1315 213
1316 218
1317 213
1318 194
1319 191
1320 185
1321 175
1322 162
1323 173
1324 155
1325 158
1326 159
1327 133
1328 134
1329 143
1330 123
1331 129
1332 117
1333 121
1334 115
1335 106
1336 99
1337 103
1338 98
1339 95
1340 70
1341 77
1342 83
1343 63
1344 71
1345 55
1346 52
1347 54
1348 49
1349 49
1350 37
1351 46
1352 43
1353 24
1354 27
1355 28
1356 19
1357 17
1358 25
1359 12
1360 7
1361 9
1362 12
1363 8
1364 2
1365 3
1366 0
1367 0
1368 0
1369 4
1370 0
1371 0
1372 0
1373 0
1374 0
1375 0
1376 0
1377 0
1378 0
1379 0
1380 0
1381 0
1382 0
1383 0
1384 0
1385 0
1386 0
1387 0
1388 0
1389 0
1390 0
1391 0
1392 0
1393 0
1394 0
1395 0
1396 0
1397 0
1398 0
1399 0
1400 0
1401 0
1402 0
1403 0
1404 0
1405 0
1406 0
1407 0
1408 0
1409 4
1410 0
1411 10
1412 0
1413 3
1414 11
1415 13
1416 2
1417 17
1418 23
1419 24
1420 14
1421 22
1422 35
1423 30
1424 41
1425 40
1426 37
1427 35
1428 43
1429 56
1430 57
1431 53
1432 58
1433 55
1434 60
1435 79
1436 70
1437 64
1438 97
1439 99
1440 88
1441 105
1442 106
1443 101
1444 107
1445 120
1446 129
1447 127
1448 135
1449 148
1450 180
1451 150
1452 160
1453 166
1454 166
1455 173
1456 189
1457 194
1458 206
1459 199
1460 195
1461 213
1462 216
1463 232
1464 223
1465 222
1466 234
1467 245
1468 266
1469 261
1470 277
1471 278
1472 286
1473 293
1474 298
1475 309
1476 298
1477 315
1478 331
1479 335
1480 335
1481 350
1482 365
1483 365
1484 367
1485 383
1486 382
1487 405
1488 397
1489 410
1490 426
1491 431
1492 442
1493 447
1494 446
1495 461
1496 459
1497 471
1498 474
1499 490
1500 509
1501 511
1502 517
1503 523
1504 533
1505 554
1506 557
1507 557
1508 581
1509 566
1510 589
1511 607
1512 603
1513 607
1514 635
1515 639
1516 635
1517 650
1518 661
1519 682
1520 685
1521 701
1522 703
1523 717
1524 727
1525 719
1526 746
1527 757
1528 759
1529 779
1530 779
1531 794
1532 810
1533 815
1534 827
1535 842
1536 853
1537 862
1538 863
1539 879
1540 879
1541 893
1542 907
1543 917
1544 927
1545 941
1546 941
1547 959
1548 973
1549 973
1550 983
1551 1002
1552 1003
1553 1015
1554 1023
1555 1037
1556 1061
1557 1071
1558 1071
1559 1083
1560 1085
1561 1101
1562 1111
1563 1119
1564 1131
1565 1135
1566 1149
1567 1151
1568 1173
1569 1194
1570 1194
1571 1199
1572 1210
1573 1227
1574 1243
1575 1239
1576 1247
1577 1263
1578 1263
1579 1279
1580 1306
1581 1322
1582 1311
1583 1327
1584 1349
1585 1371
1586 1359
1587 1371
1588 1375
1589 1391
1590 1407
1591 1407
1592 1431
1593 1439
1594 1450
1595 1455
1596 1471
1597 1471
1598 1487
1599 1502
1600 1503
1601 1519
1602 1535
1603 1535
1604 1558
1605 1578
1606 1567
1607 1582
1608 1583
1609 1605
1610 1611
1611 1611
1612 1631
1613 1631
1614 1631
1615 1647
1616 1661
1617 1661
1618 1685
1619 1695
1620 1695
1621 1709
1622 1711
1623 1727
1624 1743
1625 1751
1626 1751
1627 1759
1628 1775
1629 1775
1630 1791
1631 1791
1632 1807
1633 1822
1634 1823
1635 1839
1636 1834
1637 1855
1638 1866
1639 1882
1640 1879
1641 1879
1642 1887
1643 1887
1644 1903
1645 1919
1646 1919
1647 1943
1648 1919
1649 1962
1650 1962
1651 1967
1652 1967
1653 1979
1654 1983
1655 1983
1656 1983
1657 2015
1658 2015
1659 2031
1660 2047
1661 2045
1662 2047
1663 2047
1664 2069
1665 2077
1666 2091
1667 2094
1668 2093
1669 2095
1670 2111
1671 2127
1672 2134
1673 2111
1674 2134
1675 2135
1676 2143
1677 2143
1678 2143
1679 2167
1680 2159
1681 2175
1682 2175
1683 2198
1684 2175
1685 2191
1686 2202
1687 2197
1688 2218
1689 2207
1690 2207
1691 2237
1692 2223
1693 2223
1694 2223
1695 2239
1696 2239
1697 2239
1698 2263
1699 2269
1700 2267
1701 2239
1702 2271
1703 2271
1704 2271
1705 2271
1706 2287
1707 2271
1708 2303
1709 2271
1710 2303
1711 2287
1712 2317
1713 2314
1714 2330
1715 2327
1716 2319
1717 2326
1718 2333
1719 2335
1720 2331
1721 2347
1722 2335
1723 2347
1724 2349
1725 2351
1726 2351
1727 2351
1728 2365
1729 2349
1730 2351
1731 2365
1732 2351
1733 2367
1734 2351
1735 2365
1736 2366
1737 2351
1738 2351
1739 2351
1740 2366
1741 2379
1742 2379
1743 2367
1744 2378
1745 2389
1746 2381
1747 2351
1748 2367
1749 2389
1750 2378
1751 2373
1752 2351
1753 2351
1754 2367
1755 2367
1756 2367
1757 2378
1758 2359
1759 2378
1760 2351
1761 2367
1762 2367
1763 2351
1764 2351
1765 2351
1766 2335
1767 2351
1768 2349
1769 2351
1770 2335
1771 2358
1772 2347
1773 2335
1774 2335
1775 2335
1776 2335
1777 2335
1778 2331
1779 2326
1780 2317
1781 2333
1782 2331
1783 2303
1784 2326
1785 2298
1786 2303
1787 2303
1788 2287
1789 2271
1790 2303
1791 2271
1792 2271
1793 2271
1794 2271
1795 2270
1796 2269
1797 2271
1798 2263
1799 2255
1800 2239
1801 2239
1802 2239
1803 2237
1804 2221
1805 2219
1806 2219
1807 2207
1808 2206
1809 2219
1810 2199
1811 2175
1812 2197
1813 2175
1814 2159
1815 2173
1816 2159
1817 2143
1818 2143
1819 2135
1820 2142
1821 2139
1822 2111
1823 2127
1824 2111
1825 2109
1826 2095
1827 2091
1828 2075
1829 2075
1830 2070
1831 2047
1832 2059
1833 2031
1834 2015
1835 2043
1836 2015
1837 2015
1838 2015
1839 2006
1840 1999
1841 1983
1842 1983
1843 1978
1844 1967
1845 1963
1846 1962
1847 1946
1848 1919
1849 1942
1850 1919
1851 1919
1852 1899
1853 1887
1854 1887
1855 1882
1856 1871
1857 1867
1858 1855
1859 1853
1860 1839
1861 1837
1862 1815
1863 1791
1864 1814
1865 1791
1866 1786
1867 1759
1868 1741
1869 1757
1870 1727
1871 1727
1872 1711
1873 1711
1874 1709
1875 1691
1876 1693
1877 1679
1878 1677
1879 1659
1880 1655
1881 1631
1882 1623
1883 1627
1884 1621
1885 1583
1886 1595
1887 1583
1888 1581
1889 1578
1890 1535
1891 1535
1892 1535
1893 1533
1894 1501
1895 1501
1896 1471
1897 1493
1898 1455
1899 1455
1900 1451
1901 1439
1902 1438
1903 1430
1904 1407
1905 1391
1906 1391
1907 1375
1908 1375
1909 1355
1910 1349
1911 1338
1912 1327
1913 1322
1914 1307
1915 1301
1916 1285
1917 1277
1918 1263
1919 1247
1920 1243
1921 1239
1922 1215
1923 1213
1924 1206
1925 1199
1926 1195
1927 1173
1928 1162
1929 1151
1930 1135
1931 1135
1932 1119
1933 1118
1934 1098
1935 1079
1936 1079
1937 1071
1938 1066
1939 1047
1940 1045
1941 1007
1942 1021
1943 991
1944 991
1945 981
1946 959
1947 959
1948 955
1949 938
1950 933
1951 927
1952 895
1953 907
1954 879
1955 879
1956 863
1957 874
1958 845
1959 847
1960 830
1961 813
1962 815
1963 798
1964 795
1965 779
1966 767
1967 751
1968 749
1969 735
1970 749
1971 717
1972 703
1973 699
1974 703
1975 683
1976 682
1977 663
1978 655
1979 650
1980 653
1981 623
1982 623
1983 607
1984 597
1985 599
1986 581
1987 575
1988 570
1989 557
1990 555
1991 555
1992 526
1993 522
1994 502
1995 495
1996 495
1997 488
1998 485
1999 447
